Trial Number	Time Stamp	Inter-trial Interval	Flash Duration	
1.000000	51.000000	49.000000	45.000000	
77.000000	97.000000	121.000000	45.000000	
50.000000	48.000000	50.000000	50.000000	
32.000000	49.000000	49.000000	58.000000	
48.000000	50.000000	58.000000	53.000000	
56.000000	1000.000000	50.000000	2.000000	51.000000	49.000000	45.000000	
77.000000	97.000000	121.000000	45.000000	
50.000000	48.000000	50.000000	50.000000	
32.000000	49.000000	49.000000	58.000000	
48.000000	50.000000	58.000000	53.000000	
57.000000	1000.000000	50.000000	3.000000	51.000000	49.000000	45.000000	
77.000000	97.000000	121.000000	45.000000	
50.000000	48.000000	50.000000	50.000000	
32.000000	49.000000	49.000000	58.000000	
48.000000	51.000000	58.000000	48.000000	
48.000000	1000.000000	50.000000	4.000000	51.000000	49.000000	45.000000	
77.000000	97.000000	121.000000	45.000000	
50.000000	48.000000	50.000000	50.000000	
32.000000	49.000000	49.000000	58.000000	
48.000000	51.000000	58.000000	48.000000	
49.000000	1000.000000	50.000000	5.000000	51.000000	49.000000	45.000000	
77.000000	97.000000	121.000000	45.000000	
50.000000	48.000000	50.000000	50.000000	
32.000000	49.000000	49.000000	58.000000	
48.000000	51.000000	58.000000	48.000000	
50.000000	1000.000000	50.000000	6.000000	51.000000	49.000000	45.000000	
77.000000	97.000000	121.000000	45.000000	
50.000000	48.000000	50.000000	50.000000	
32.000000	49.000000	49.000000	58.000000	
48.000000	51.000000	58.000000	48.000000	
51.000000	1000.000000	50.000000	